2434
564
275
425
41
125
355
732
263
552
668
735
83
296
370
498
846
692
389
779
750
923
85
924
863
768
598
735
625
96
236
748
759
320
245
399
812
561
771
701
413
214
937
412
171
554
651
784
32
757
232
394
167
293
889
905
677
591
505
787
708
5
332
57
45
670
698
392
667
779
323
37
396
317
841
334
72
786
171
669
994
680
646
229
692
174
204
525
613
567
566
770
52
111
267
654
403
254
457
493
910
98
808
684
715
486
52
811
554
56
177
346
788
76
326
564
158
115
141
408
764
793
623
37
968
336
353
43
338
279
147
798
726
271
309
180
923
929
106
195
208
203
622
446
376
282
954
703
28
31
404
323
925
228
489
435
408
829
677
927
537
554
167
66
43
857
864
235
948
733
106
551
643
676
26
722
371
538
735
485
799
328
259
526
454
681
799
901
550
681
304
195
474
886
318
938
293
585
457
385
61
371
452
943
427
938
156
557
400
267
528
207
383
519
359
65
95
672
927
779
840
322
18
694
578
556
744
662
771
238
777
848
735
667
18
835
663
406
533
88
629
846
947
444
356
179
891
715
858
72
649
852
398
113
698
97
652
124
356
517
326
146
848
102
506
524
777
970
952
512
900
155
195
43
144
453
749
957
973
796
124
674
406
625
529
805
265
907
382
109
443
8
973
906
326
51
669
271
444
557
414
343
91
158
17
329
736
522
186
733
590
78
416
582
438
417
89
975
526
134
344
624
956
846
193
457
850
152
441
59
361
971
216
668
359
456
800
593
603
306
813
898
285
575
412
651
793
797
862
295
578
391
404
653
208
712
162
461
860
597
733
513
377
125
615
446
923
121
672
146
145
862
220
277
179
967
465
418
814
445
951
508
285
65
88
291
399
678
943
591
438
489
666
121
987
578
266
222
349
299
936
957
289
309
991
86
848
679
198
266
486
225
517
415
678
274
908
363
601
847
569
150
958
117
536
346
216
700
266
796
397
147
433
418
459
968
903
252
763
567
420
652
632
352
431
696
174
707
609
301
365
572
599
179
52
641
206
941
216
976
959
607
157
396
330
368
145
39
436
424
221
623
531
176
997
330
206
334
565
971
375
888
275
309
730
934
530
820
285
922
986
641
440
832
514
100
332
696
673
785
622
785
766
286
226
685
20
376
865
426
586
899
469
821
45
97
418
102
749
983
125
344
55
453
910
231
351
260
111
530
67
799
540
280
149
444
738
348
567
242
218
667
910
163
524
987
632
609
38
932
64
97
565
424
471
885
600
651
554
395
570
181
352
97
182
917
323
931
242
221
516
680
878
634
1000
922
52
891
447
532
343
767
801
788
350
545
201
536
8
301
732
258
942
330
504
22
582
383
159
369
404
967
843
889
72
15
881
129
436
421
928
819
885
784
81
981
967
908
950
399
667
557
812
129
315
72
507
407
937
415
130
174
141
19
477
574
942
945
417
199
837
952
308
686
15
127
711
823
17
769
549
49
692
770
299
303
568
392
536
851
378
12
316
779
328
497
170
638
217
241
119
197
87
517
186
76
918
851
84
640
52
31
583
64
337
812
601
869
118
898
23
340
255
583
164
216
747
352
49
26
528
319
420
115
441
19
563
942
474
765
40
656
183
847
68
329
386
965
133
755
636
421
418
607
801
80
427
844
126
184
267
906
372
90
928
160
196
131
727
131
338
429
170
457
947
424
515
455
305
203
824
392
715
234
455
159
63
679
960
841
859
635
184
309
628
3
306
229
311
45
645
309
646
914
251
544
40
380
669
432
124
342
601
933
467
825
622
178
106
603
452
596
455
471
559
428
242
209
379
130
59
48
38
185
48
37
762
416
349
128
610
541
3
416
897
297
971
569
136
288
954
500
647
392
349
628
921
646
28
245
98
606
664
13
537
594
326
573
992
519
763
975
505
869
551
798
864
637
772
411
869
274
750
260
977
26
499
420
77
205
626
447
656
994
109
68
552
38
872
259
77
126
105
655
59
969
328
371
238
153
182
398
421
904
655
344
321
933
258
60
524
950
989
398
437
285
115
388
600
742
552
639
472
396
832
328
727
985
413
901
938
780
520
235
735
402
173
955
503
591
105
527
822
748
37
859
792
744
706
358
484
401
435
800
274
890
768
820
182
412
103
13
828
367
811
626
91
183
303
955
85
209
305
795
162
989
305
622
986
755
465
706
674
592
164
407
211
608
496
17
816
787
598
634
645
881
351
474
107
744
286
905
824
626
738
769
225
905
954
70
242
190
160
919
938
426
377
132
402
261
729
623
892
685
977
589
429
316
539
412
429
476
81
332
339
908
787
464
875
922
976
388
338
271
377
582
238
960
891
478
224
674
267
39
563
355
633
22
908
557
103
880
833
324
185
773
220
540
213
945
71
117
914
479
263
25
434
534
611
626
241
78
300
142
541
185
820
557
702
556
49
927
949
413
904
216
462
444
116
236
959
636
510
725
729
984
620
442
380
120
20
296
652
995
175
763
592
604
385
658
135
256
845
128
243
996
250
879
71
248
338
276
906
720
504
488
572
351
751
259
974
668
903
89
564
198
417
558
771
410
327
155
445
465
279
216
953
764
87
306
85
522
303
708
822
222
988
711
756
539
329
428
881
801
405
597
240
471
601
738
807
24
505
912
359
664
760
409
984
46
686
808
600
858
371
67
611
589
866
977
177
557
113
284
236
944
821
942
353
829
560
861
508
88
757
280
430
509
432
233
304
826
359
266
303
231
853
290
560
230
740
479
738
997
968
531
16
872
344
698
526
393
502
951
953
938
427
404
586
728
46
448
17
799
716
832
643
873
566
800
581
593
592
361
88
74
757
539
909
866
774
313
728
19
546
129
15
718
965
547
610
599
83
639
650
102
347
145
491
482
246
510
19
973
358
374
979
285
226
74
219
510
78
684
327
226
221
323
582
963
953
390
903
725
350
742
892
471
788
382
544
504
20
148
978
611
480
583
106
445
428
824
417
243
745
315
258
239
286
317
285
74
959
709
320
976
784
148
430
817
176
95
210
164
209
449
298
363
91
796
206
155
182
294
943
899
695
726
946
441
438
318
613
690
152
231
790
329
745
530
89
237
599
3
1000
149
700
566
298
268
58
636
190
319
566
156
479
331
543
788
831
850
365
703
461
508
916
629
441
560
736
672
772
610
681
235
171
420
358
67
171
999
867
679
131
968
53
634
687
949
33
285
416
519
667
903
342
24
443
527
753
396
118
981
945
633
237
854
939
896
863
887
756
995
975
967
757
79
282
87
991
865
55
251
206
187
758
583
816
325
252
652
189
382
275
106
574
658
739
262
303
322
630
675
950
617
653
450
483
460
774
348
600
727
143
747
57
388
65
591
58
228
143
885
485
221
550
439
539
204
941
136
304
58
556
350
353
553
318
784
422
478
912
872
746
958
273
256
392
906
930
454
197
61
558
313
546
98
184
771
489
208
777
247
221
176
272
201
780
99
674
131
854
981
162
988
932
207
335
424
323
38
386
325
961
135
742
153
972
876
785
743
1000
342
79
505
463
979
51
188
560
222
744
337
434
291
841
335
751
65
311
172
476
752
505
995
269
91
834
653
355
493
40
346
71
597
665
950
542
739
725
622
52
650
65
322
307
182
568
203
723
829
361
771
833
392
430
113
314
392
520
716
942
35
277
797
103
318
684
631
129
89
310
280
833
96
612
311
880
919
93
830
527
51
198
510
570
693
393
7
399
207
801
983
446
342
242
712
24
208
3
628
921
549
37
442
551
728
2
912
58
845
192
200
740
386
462
309
73
535
236
397
221
688
76
446
802
975
429
98
81
180
196
13
853
583
538
547
30
986
731
764
745
521
179
546
282
107
216
423
531
600
765
58
516
474
626
880
923
46
910
292
955
978
848
665
783
606
807
116
981
997
726
308
476
90
580
732
208
325
533
85
995
382
892
478
251
78
883
510
321
178
239
630
517
665
222
209
780
331
353
28
860
313
836
432
668
322
35
781
127
897
221
999
327
121
226
354
715
883
14
607
99
508
574
591
520
250
455
164
383
173
179
260
84
728
85
919
321
694
905
494
102
239
751
364
680
266
239
990
44
707
852
548
426
20
179
735
740
925
202
107
550
421
675
732
389
24
408
362
882
313
478
55
294
479
140
237
669
785
731
410
285
43
981
893
77
857
967
176
640
961
481
486
642
907
874
795
663
25
726
601
584
825
122
303
975
304
524
233
663
550
317
789
527
942
424
441
486
676
274
400
109
479
625
156
650
462
87
218
889
637
863
339
410
527
516
431
544
938
206
105
798
408
406
312
953
306
310
265
562
988
939
72
691
670
853
486
991
63
403
537
252
905
946
401
313
690
556
302
594
86
659
733
577
472
461
250
684
183
422
133
380
475
539
687
377
775
419
851
408
237
990
943
375
64
999
98
453
987
436
453
533
636
466
604
545
325
27
860
592
415
593
196
754
478
18
758
648
810
708
860
951
562
495
269
443
144
160
775
182
577
938
324
40
988
196
527
621
552
511
326
116
752
351
119
908
768
631
12
991
78
279
537
857
411
135
738
240
602
715
952
986
661
326
202
91
621
33
790
110
680
331
903
97
154
727
445
892
695
467
482
112
220
29
569
145
931
286
783
373
709
16
212
980
847
409
520
912
592
120
688
572
279
580
264
887
558
370
975
952
795
501
552
984
964
165
77
525
424
123
148
707
418
48
972
258
783
155
766
789
84
786
726
215
218
557
432
77
356
264
605
528
342
807
942
178
677
289
157
501
314
815
968
201
113
779
743
181
324
60
859
803
754
174
135
990
612
756
600
388
820
440
406
717
357
750
539
900
152
38
832
347
891
121
492
1000
33
393
214
317
934
939
328
929
266
109
84
577
587
178
656
27
197
531
747
759
627
445
423
926
708
407
719
501
745
266
960
96
523
777
585
305
71
720
996
488
499
623
261
489
464
566
887
355
127
448
980
533
622
138
219
281
306
930
873
355
916
466
91
273
174
316
288
657
277
77
392
167
142
971
761
54
490
737
614
548
876
328
768
904
799
821
783
181
522
208
640
670
37
304
454
378
643
129
42
935
408
400
276
927
122
162
553
856
602
83
549
709
497
843
704
168
565
464
531
946
371
984
753
54
476
85
376
299
850
553
575
9
977
577
464
552
48
748
892
654
312
787
787
63
113
504
795
564
625
592
814
303
878
259
719
59
272
88
178
205
74
948
440
583
664
57
731
186
152
456
68
841
539
642
353
898
498
96
554
973
291
568
905
125
139
328
504
28
106
483
636
272
60
977
861
906
397
32
485
748
578
751
686
608
196
223
111
469
581
330
677
555
594
14
627
451
609
153
484
497
818
867
997
924
200
873
670
842
823
414
335
926
525
201
517
732
562
379
196
145
265
512
52
917
847
427
885
274
793
363
100
548
983
443
262
72
965
867
738
159
710
794
457
994
905
549
759
572
966
566
505
853
279
199
53
300
737
174
975
169
138
257
144
947
482
745
895
933
132
728
186
816
380
500
947
549
743
708